----------------------------------------------------------------
        Layer (type)               Output Shape         Param #
================================================================
            Conv2d-1         [-1, 32, 300, 300]           7,808
       BatchNorm2d-2         [-1, 32, 300, 300]              64
            Conv2d-3         [-1, 64, 150, 150]          32,832
       BatchNorm2d-4         [-1, 64, 150, 150]             128
            Conv2d-5          [-1, 128, 75, 75]         131,200
       BatchNorm2d-6          [-1, 128, 75, 75]             256
            Conv2d-7          [-1, 128, 75, 75]         147,584
       BatchNorm2d-8          [-1, 128, 75, 75]             256
            Conv2d-9          [-1, 128, 75, 75]         147,584
      BatchNorm2d-10          [-1, 128, 75, 75]             256
    ResidualBlock-11          [-1, 128, 75, 75]               0
           Conv2d-12          [-1, 128, 75, 75]         147,584
      BatchNorm2d-13          [-1, 128, 75, 75]             256
           Conv2d-14          [-1, 128, 75, 75]         147,584
      BatchNorm2d-15          [-1, 128, 75, 75]             256
    ResidualBlock-16          [-1, 128, 75, 75]               0
           Conv2d-17          [-1, 128, 75, 75]         147,584
      BatchNorm2d-18          [-1, 128, 75, 75]             256
           Conv2d-19          [-1, 128, 75, 75]         147,584
      BatchNorm2d-20          [-1, 128, 75, 75]             256
    ResidualBlock-21          [-1, 128, 75, 75]               0
           Conv2d-22          [-1, 128, 75, 75]         147,584
      BatchNorm2d-23          [-1, 128, 75, 75]             256
           Conv2d-24          [-1, 128, 75, 75]         147,584
      BatchNorm2d-25          [-1, 128, 75, 75]             256
    ResidualBlock-26          [-1, 128, 75, 75]               0
           Conv2d-27          [-1, 128, 75, 75]         147,584
      BatchNorm2d-28          [-1, 128, 75, 75]             256
           Conv2d-29          [-1, 128, 75, 75]         147,584
      BatchNorm2d-30          [-1, 128, 75, 75]             256
    ResidualBlock-31          [-1, 128, 75, 75]               0
           Conv2d-32         [-1, 64, 150, 150]          73,792
      BatchNorm2d-33         [-1, 64, 150, 150]             128
           Conv2d-34         [-1, 32, 300, 300]          18,464
      BatchNorm2d-35         [-1, 32, 300, 300]              64
           Conv2d-36         [-1, 32, 300, 300]          82,976
      BatchNorm2d-37         [-1, 32, 300, 300]              64
           Conv2d-38          [-1, 1, 300, 300]              33
           Conv2d-39          [-1, 1, 300, 300]              33
           Conv2d-40          [-1, 1, 300, 300]              33
           Conv2d-41          [-1, 1, 300, 300]              33
================================================================
Total params: 1,826,308
Trainable params: 1,826,308
Non-trainable params: 0
----------------------------------------------------------------
Input size (MB): 1.03
Forward/backward pass size (MB): 326.84
Params size (MB): 6.97
Estimated Total Size (MB): 334.84
----------------------------------------------------------------
